[tileset]
img=images/tilesets/medieval_building_tiles.png
tile=0,0,0,64,192,32,176
tile=1,64,0,64,192,32,176
tile=2,128,0,64,192,32,176
tile=3,192,0,64,192,32,176
tile=4,256,0,64,192,32,176
tile=5,320,0,64,192,32,176
tile=6,384,0,64,192,32,176
tile=7,448,0,64,192,32,176
tile=8,512,0,64,192,32,176
tile=9,576,0,64,192,32,176
tile=10,640,0,64,192,32,176
tile=11,704,0,64,192,32,176
tile=12,768,0,64,192,32,176
tile=13,832,0,64,192,32,176
tile=14,896,0,64,192,32,176
tile=15,960,0,64,192,32,176
tile=16,0,192,64,192,32,176
tile=17,64,192,64,192,32,176
tile=18,128,192,64,192,32,176
tile=19,192,192,64,192,32,176
tile=20,256,192,64,192,32,176
tile=21,320,192,64,192,32,176
tile=22,384,192,64,192,32,176
tile=23,448,192,64,192,32,176
tile=24,512,192,64,192,32,176
tile=25,576,192,64,192,32,176
tile=26,640,192,64,192,32,176
tile=27,704,192,64,192,32,176
tile=28,768,192,64,192,32,176
tile=29,832,192,64,192,32,176
tile=30,896,192,64,192,32,176
tile=31,960,192,64,192,32,176
tile=32,0,384,64,192,32,176
tile=33,64,384,64,192,32,176
tile=34,128,384,64,192,32,176
tile=35,192,384,64,192,32,176
tile=36,256,384,64,192,32,176
tile=37,320,384,64,192,32,176
tile=38,384,384,64,192,32,176
tile=39,448,384,64,192,32,176
tile=40,512,384,64,192,32,176
tile=41,576,384,64,192,32,176
tile=42,640,384,64,192,32,176
tile=43,704,384,64,192,32,176
tile=44,768,384,64,192,32,176
tile=45,832,384,64,192,32,176
tile=46,896,384,64,192,32,176
tile=47,960,384,64,192,32,176
tile=48,0,576,64,192,32,176
tile=49,64,576,64,192,32,176
tile=50,128,576,64,192,32,176
tile=51,192,576,64,192,32,176
tile=52,256,576,64,192,32,176
tile=53,320,576,64,192,32,176
tile=54,384,576,64,192,32,176
tile=55,448,576,64,192,32,176
tile=56,512,576,64,192,32,176
tile=57,576,576,64,192,32,176
tile=58,640,576,64,192,32,176
tile=59,704,576,64,192,32,176
tile=60,768,576,64,192,32,176
tile=61,832,576,64,192,32,176
tile=62,896,576,64,192,32,176
tile=63,960,576,64,192,32,176
