# Repacked from Flare's fantasycore mod by scripts/repack-flare-art.mjs.
# Only the frames this renderer draws survive; see that script.

image=images/avatar/male/buckler.png
scale=6.7577

[stance]
frames=4
duration=800ms
type=back_forth
frame=0,0,1,1,56,98,56,99
frame=0,1,170,1,42,96,44,115
frame=0,2,78,288,73,88,33,120
frame=0,3,373,288,66,86,-5,117
frame=0,4,384,1,52,94,-26,107
frame=0,5,213,1,36,96,-27,93
frame=0,6,42,100,71,93,13,82
frame=0,7,237,100,75,92,47,85
frame=1,0,58,1,55,98,56,99
frame=1,1,304,1,42,95,44,114
frame=1,2,152,288,73,87,33,119
frame=1,3,1,378,67,85,-5,116
frame=1,4,186,100,50,93,-27,106
frame=1,5,347,1,36,95,-27,92
frame=1,6,114,100,71,93,13,82
frame=1,7,115,195,75,91,47,84
frame=2,0,114,1,55,96,56,97
frame=2,1,1,100,40,94,44,113
frame=2,2,300,288,72,86,32,118
frame=2,3,69,378,67,84,-5,115
frame=2,4,191,195,50,91,-27,104
frame=2,5,1,195,36,92,-27,90
frame=2,6,313,100,68,92,13,80
frame=2,7,38,195,76,91,48,83
frame=3,0,250,1,53,95,56,96
frame=3,1,382,100,37,92,44,111
frame=3,2,226,288,73,86,33,118
frame=3,3,137,378,65,84,-7,114
frame=3,4,348,195,50,90,-28,103
frame=3,5,242,195,33,91,-28,88
frame=3,6,276,195,71,90,13,78
frame=3,7,1,288,76,89,48,81

[die]
frames=1
duration=800ms
type=play_once
frame=0,0,244,378,43,44,72,31
frame=0,1,1,464,41,36,58,45
frame=0,2,97,464,55,22,27,46
frame=0,3,43,464,53,26,-13,40
frame=0,4,403,378,35,40,-36,28
frame=0,5,203,378,40,45,-18,12
frame=0,6,346,378,56,41,28,5
frame=0,7,288,378,57,41,66,12
