# Repacked from Flare's fantasycore mod by scripts/repack-flare-art.mjs.
# Only the frames this renderer draws survive; see that script.

image=images/avatar/male/chain_coif.png
scale=6.7577

[stance]
frames=4
duration=800ms
type=back_forth
frame=0,0,1,1,70,115,21,136
frame=0,1,141,232,68,113,18,138
frame=0,2,140,1,60,115,10,139
frame=0,3,415,232,70,112,10,137
frame=0,4,258,117,72,113,12,134
frame=0,5,1,232,69,113,12,133
frame=0,6,262,1,59,115,12,134
frame=0,7,72,1,67,115,20,135
frame=1,0,381,1,70,114,21,135
frame=1,1,71,232,69,113,19,138
frame=1,2,201,1,60,115,10,139
frame=1,3,346,346,70,111,10,136
frame=1,4,331,117,72,113,12,134
frame=1,5,1,346,68,112,12,132
frame=1,6,139,117,59,114,12,133
frame=1,7,71,117,67,114,20,134
frame=2,0,210,232,68,113,22,134
frame=2,1,279,232,67,113,19,137
frame=2,2,199,117,58,114,10,138
frame=2,3,1,459,68,111,10,136
frame=2,4,273,346,72,111,11,132
frame=2,5,70,346,68,112,11,131
frame=2,6,139,346,58,112,12,131
frame=2,7,347,232,67,113,21,132
frame=3,0,404,117,71,113,25,134
frame=3,1,139,459,66,111,21,137
frame=3,2,322,1,58,115,10,139
frame=3,3,417,346,69,111,8,136
frame=3,4,198,346,74,111,9,132
frame=3,5,70,459,68,111,10,129
frame=3,6,206,459,58,110,12,129
frame=3,7,1,117,69,114,23,131

[die]
frames=1
duration=800ms
type=play_once
frame=0,0,442,459,30,31,47,55
frame=0,1,1,571,24,15,-8,59
frame=0,2,330,459,30,35,-46,42
frame=0,3,473,459,41,30,-45,15
frame=0,4,361,459,40,34,-11,-1
frame=0,5,300,459,29,37,34,-1
frame=0,6,265,459,34,37,73,15
frame=0,7,402,459,39,33,82,38
