# Repacked from Flare's fantasycore mod by scripts/repack-flare-art.mjs.
# Only the frames this renderer draws survive; see that script.

image=images/avatar/male/chain_cuirass.png
scale=6.7577

[stance]
frames=4
duration=800ms
type=back_forth
frame=0,0,1,116,84,109,23,118
frame=0,1,86,116,105,108,32,117
frame=0,2,1,335,89,107,27,116
frame=0,3,1,1,66,114,19,117
frame=0,4,88,226,84,108,31,116
frame=0,5,174,443,102,100,40,114
frame=0,6,297,116,92,108,33,118
frame=0,7,135,1,64,112,14,117
frame=1,0,173,226,84,108,23,117
frame=1,1,192,116,104,108,32,117
frame=1,2,390,116,89,108,27,115
frame=1,3,68,1,66,112,19,116
frame=1,4,259,335,82,107,30,115
frame=1,5,277,443,102,99,40,113
frame=1,6,461,226,92,107,33,117
frame=1,7,337,1,64,111,14,116
frame=2,0,91,335,83,107,24,116
frame=2,1,258,226,104,107,32,116
frame=2,2,480,116,89,108,27,115
frame=2,3,270,1,66,111,19,115
frame=2,4,342,335,81,107,29,114
frame=2,5,380,443,99,98,39,112
frame=2,6,424,335,92,106,33,116
frame=2,7,467,1,63,111,15,115
frame=3,0,175,335,83,107,25,116
frame=3,1,363,226,97,107,33,116
frame=3,2,1,226,86,108,27,115
frame=3,3,200,1,69,111,20,116
frame=3,4,1,443,81,106,27,114
frame=3,5,480,443,99,97,37,111
frame=3,6,83,443,90,105,31,115
frame=3,7,402,1,64,111,16,115

[die]
frames=1
duration=800ms
type=play_once
frame=0,0,462,550,66,43,42,52
frame=0,1,127,550,74,49,20,51
frame=0,2,1,550,62,50,-7,42
frame=0,3,64,550,62,50,1,28
frame=0,4,394,550,67,47,22,19
frame=0,5,319,550,74,47,51,24
frame=0,6,202,550,58,49,64,32
frame=0,7,261,550,57,48,61,43
