# Repacked from Flare's fantasycore mod by scripts/repack-flare-art.mjs.
# Only the frames this renderer draws survive; see that script.

image=images/avatar/male/dagger.png
scale=6.7577

[stance]
frames=4
duration=800ms
type=back_forth
frame=0,0,55,162,56,65,13,107
frame=0,1,197,1,40,78,-28,102
frame=0,2,88,1,26,82,-43,88
frame=0,3,169,85,55,74,-12,68
frame=0,4,181,229,60,60,27,57
frame=0,5,89,229,46,61,52,63
frame=0,6,169,162,25,64,53,81
frame=0,7,85,292,55,57,46,96
frame=1,0,112,162,56,65,14,108
frame=1,1,153,1,43,79,-26,105
frame=1,2,1,1,28,83,-44,89
frame=1,3,1,85,54,76,-13,69
frame=1,4,28,229,60,61,26,57
frame=1,5,136,229,44,61,52,62
frame=1,6,195,162,25,63,54,81
frame=1,7,214,292,34,57,47,96
frame=2,0,225,85,57,66,14,108
frame=2,1,238,1,40,78,-26,106
frame=2,2,30,1,28,83,-44,90
frame=2,3,56,85,53,76,-15,70
frame=2,4,247,162,60,62,24,57
frame=2,5,1,292,43,60,51,61
frame=2,6,221,162,25,63,54,79
frame=2,7,178,292,35,57,48,96
frame=3,0,1,162,53,66,16,107
frame=3,1,115,1,37,80,-24,106
frame=3,2,59,1,28,83,-42,90
frame=3,3,110,85,58,75,-15,70
frame=3,4,242,229,57,60,21,56
frame=3,5,45,292,39,59,47,59
frame=3,6,1,229,26,62,53,76
frame=3,7,141,292,36,57,49,95

[die]
frames=1
duration=800ms
type=play_once
frame=0,0,14,353,37,20,-36,32
frame=0,1,89,353,43,13,-41,5
frame=0,2,264,292,29,24,-20,-9
frame=0,3,1,353,12,21,21,-17
frame=0,4,52,353,36,20,72,-1
frame=0,5,133,353,45,12,84,19
frame=0,6,294,292,27,22,47,45
frame=0,7,249,292,14,26,-8,51
