# Repacked from Flare's fantasycore mod by scripts/repack-flare-art.mjs.
# Only the frames this renderer draws survive; see that script.

image=images/avatar/male/default_chest.png
scale=6.7577

[stance]
frames=4
duration=800ms
type=back_forth
frame=0,0,1,116,83,109,23,118
frame=0,1,85,116,102,108,32,117
frame=0,2,1,335,82,107,25,116
frame=0,3,1,1,65,114,19,117
frame=0,4,251,335,80,106,30,115
frame=0,5,159,443,98,100,39,114
frame=0,6,290,116,87,108,30,118
frame=0,7,267,1,63,111,13,117
frame=1,0,378,116,82,108,23,117
frame=1,1,188,116,101,108,32,117
frame=1,2,461,116,82,108,25,115
frame=1,3,67,1,65,112,19,116
frame=1,4,332,335,80,106,30,115
frame=1,5,258,443,97,99,39,113
frame=1,6,361,226,88,107,30,117
frame=1,7,331,1,63,111,13,116
frame=2,0,450,226,83,107,24,116
frame=2,1,167,226,96,107,32,116
frame=2,2,1,226,82,108,25,115
frame=2,3,201,1,65,111,19,115
frame=2,4,1,443,79,105,28,114
frame=2,5,356,443,96,98,38,112
frame=2,6,163,335,87,106,29,116
frame=2,7,395,1,62,111,14,115
frame=3,0,84,335,78,107,24,116
frame=3,1,264,226,96,107,33,116
frame=3,2,84,226,82,108,25,115
frame=3,3,133,1,67,111,20,116
frame=3,4,81,443,77,105,26,114
frame=3,5,453,443,93,97,35,111
frame=3,6,413,335,86,105,28,115
frame=3,7,458,1,61,111,14,115

[die]
frames=1
duration=800ms
type=play_once
frame=0,0,451,549,62,43,38,52
frame=0,1,59,549,70,47,20,49
frame=0,2,388,549,62,46,-7,38
frame=0,3,266,549,62,47,1,27
frame=0,4,201,549,64,47,22,19
frame=0,5,130,549,70,47,47,24
frame=0,6,329,549,58,47,64,32
frame=0,7,1,549,57,48,61,43
