# Repacked from Flare's fantasycore mod by scripts/repack-flare-art.mjs.
# Only the frames this renderer draws survive; see that script.

image=images/avatar/male/head_short.png
scale=6.7577

[stance]
frames=4
duration=800ms
type=back_forth
frame=0,0,60,113,70,109,23,135
frame=0,1,415,224,64,108,16,137
frame=0,2,125,1,57,111,8,139
frame=0,3,183,1,65,110,7,136
frame=0,4,386,113,71,108,7,133
frame=0,5,131,113,65,109,9,132
frame=0,6,434,1,58,110,11,132
frame=0,7,1,1,64,111,18,133
frame=1,0,73,224,70,108,23,134
frame=1,1,283,224,65,108,17,136
frame=1,2,314,1,59,110,8,138
frame=1,3,197,113,65,109,7,135
frame=1,4,1,224,71,108,7,133
frame=1,5,1,333,64,108,8,131
frame=1,6,66,1,58,111,11,131
frame=1,7,249,1,64,110,18,132
frame=2,0,389,333,69,107,24,133
frame=2,1,1,442,66,107,18,135
frame=2,2,374,1,59,110,8,138
frame=2,3,215,224,67,108,6,134
frame=2,4,318,333,70,107,6,131
frame=2,5,68,442,64,107,8,129
frame=2,6,1,113,58,110,11,129
frame=2,7,196,333,63,108,19,130
frame=3,0,133,442,69,106,27,132
frame=3,1,66,333,64,108,19,136
frame=3,2,326,113,59,109,8,138
frame=3,3,349,224,65,108,4,134
frame=3,4,144,224,70,108,3,131
frame=3,5,131,333,64,108,6,128
frame=3,6,260,333,57,108,11,127
frame=3,7,263,113,62,109,21,129

[die]
frames=1
duration=800ms
type=play_once
frame=0,0,340,442,23,27,46,54
frame=0,1,397,442,19,12,-9,57
frame=0,2,253,442,24,29,-51,41
frame=0,3,364,442,32,26,-52,13
frame=0,4,278,442,30,28,-20,-6
frame=0,5,230,442,22,30,28,-8
frame=0,6,203,442,26,30,72,8
frame=0,7,309,442,30,27,80,33
