# Repacked from Flare's fantasycore mod by scripts/repack-flare-art.mjs.
# Only the frames this renderer draws survive; see that script.

image=images/avatar/male/leather_armor.png
scale=6.7577

[stance]
frames=4
duration=800ms
type=back_forth
frame=0,0,1,1,83,114,23,121
frame=0,1,85,342,102,108,32,117
frame=0,2,168,230,84,110,25,116
frame=0,3,155,1,67,114,19,117
frame=0,4,150,116,80,112,30,117
frame=0,5,88,452,98,104,39,118
frame=0,6,79,230,88,110,30,120
frame=0,7,504,1,64,113,14,119
frame=1,0,354,1,82,113,23,120
frame=1,1,188,342,101,108,32,117
frame=1,2,342,230,84,109,25,115
frame=1,3,223,1,67,114,19,117
frame=1,4,231,116,80,112,30,117
frame=1,5,187,452,97,104,39,117
frame=1,6,253,230,88,109,30,119
frame=1,7,1,116,64,113,14,118
frame=2,0,66,116,83,112,24,119
frame=2,1,378,342,96,107,32,116
frame=2,2,427,230,83,109,25,115
frame=2,3,437,1,66,113,19,116
frame=2,4,455,116,79,111,28,116
frame=2,5,285,452,96,102,38,116
frame=2,6,290,342,87,108,29,118
frame=2,7,391,116,63,112,15,116
frame=3,0,312,116,78,112,24,119
frame=3,1,475,342,96,107,33,116
frame=3,2,1,342,83,109,25,115
frame=3,3,85,1,69,114,20,116
frame=3,4,1,230,77,111,26,116
frame=3,5,382,452,95,101,35,115
frame=3,6,1,452,86,107,28,117
frame=3,7,291,1,62,114,15,118

[die]
frames=1
duration=800ms
type=play_once
frame=0,0,410,560,62,45,38,54
frame=0,1,478,452,72,58,20,54
frame=0,2,140,560,68,53,-2,40
frame=0,3,209,560,70,48,7,28
frame=0,4,1,560,66,56,24,27
frame=0,5,68,560,71,53,48,28
frame=0,6,340,560,69,47,66,32
frame=0,7,280,560,59,48,61,43
