# Repacked from Flare's fantasycore mod by scripts/repack-flare-art.mjs.
# Only the frames this renderer draws survive; see that script.

image=images/avatar/male/longsword.png
scale=6.7577

[stance]
frames=4
duration=800ms
type=back_forth
frame=0,0,348,246,115,87,64,128
frame=0,1,408,1,73,117,3,141
frame=0,2,148,1,45,126,-38,129
frame=0,3,328,134,106,108,-7,99
frame=0,4,334,426,128,79,33,69
frame=0,5,1,338,85,87,55,71
frame=0,6,116,246,38,91,62,87
frame=0,7,183,510,100,69,88,99
frame=1,0,195,246,112,89,64,130
frame=1,1,334,1,73,119,3,143
frame=1,2,101,1,46,128,-39,131
frame=1,3,1,134,108,111,-8,100
frame=1,4,206,426,127,80,32,70
frame=1,5,87,338,86,86,56,70
frame=1,6,155,246,39,90,63,86
frame=1,7,81,510,101,70,89,99
frame=2,0,1,246,114,91,64,132
frame=2,1,262,1,71,122,2,146
frame=2,2,52,1,48,131,-39,134
frame=2,3,110,134,108,111,-10,103
frame=2,4,300,338,125,83,30,72
frame=2,5,215,338,84,84,54,69
frame=2,6,308,246,39,89,64,85
frame=2,7,1,510,79,71,89,102
frame=3,0,435,134,106,95,65,134
frame=3,1,194,1,67,124,2,147
frame=3,2,1,1,50,132,-37,135
frame=3,3,219,134,108,110,-10,103
frame=3,4,1,426,123,83,27,72
frame=3,5,125,426,80,83,50,67
frame=3,6,174,338,40,86,65,82
frame=3,7,463,426,81,72,91,103

[die]
frames=1
duration=800ms
type=play_once
frame=0,0,1,582,90,38,-30,48
frame=0,1,287,582,104,21,-35,8
frame=0,2,349,510,62,50,-16,-6
frame=0,3,284,510,31,57,32,-8
frame=0,4,92,582,89,36,119,1
frame=0,5,182,582,104,23,137,26
frame=0,6,412,510,58,46,76,69
frame=0,7,316,510,32,54,-2,79
