# Repacked from Flare's fantasycore mod by scripts/repack-flare-art.mjs.
# Only the frames this renderer draws survive; see that script.

image=images/avatar/male/mage_hood.png
scale=6.7577

[stance]
frames=4
duration=800ms
type=back_forth
frame=0,0,79,249,76,119,23,143
frame=0,1,78,369,72,118,19,141
frame=0,2,360,126,67,120,14,141
frame=0,3,1,369,76,118,15,140
frame=0,4,428,126,83,119,17,141
frame=0,5,211,1,73,123,16,143
frame=0,6,75,1,67,124,16,144
frame=0,7,1,1,73,124,21,144
frame=1,0,1,249,77,119,24,142
frame=1,1,224,369,71,118,19,141
frame=1,2,156,249,67,119,14,140
frame=1,3,379,369,76,117,15,139
frame=1,4,292,249,83,118,17,140
frame=1,5,1,126,73,122,16,142
frame=1,6,143,1,67,124,16,143
frame=1,7,285,1,73,123,21,143
frame=2,0,376,249,80,118,25,141
frame=2,1,1,488,72,117,20,140
frame=2,2,224,249,67,119,14,140
frame=2,3,456,369,75,117,14,139
frame=2,4,142,488,83,116,16,139
frame=2,5,359,1,74,122,16,140
frame=2,6,149,126,67,122,16,141
frame=2,7,75,126,73,122,22,142
frame=3,0,457,249,79,118,28,141
frame=3,1,151,369,72,118,21,141
frame=3,2,74,488,67,117,14,141
frame=3,3,226,488,75,116,12,139
frame=3,4,296,369,82,117,13,139
frame=3,5,284,126,75,120,14,139
frame=3,6,217,126,66,122,16,140
frame=3,7,434,1,74,122,24,140

[die]
frames=1
duration=800ms
type=play_once
frame=0,0,412,488,36,39,53,62
frame=0,1,48,606,29,25,-6,69
frame=0,2,302,488,36,42,-45,51
frame=0,3,1,606,46,36,-48,20
frame=0,4,449,488,44,37,-15,2
frame=0,5,377,488,34,40,35,1
frame=0,6,339,488,37,40,76,18
frame=0,7,494,488,43,37,89,42
