# Repacked from Flare's fantasycore mod by scripts/repack-flare-art.mjs.
# Only the frames this renderer draws survive; see that script.

image=images/avatar/male/mage_vest.png
scale=6.7577

[stance]
frames=4
duration=800ms
type=back_forth
frame=0,0,346,1,83,113,23,122
frame=0,1,88,230,102,108,32,117
frame=0,2,195,340,86,107,25,116
frame=0,3,1,1,69,115,20,118
frame=0,4,282,340,82,107,30,116
frame=0,5,80,448,99,102,39,116
frame=0,6,1,117,91,112,30,122
frame=0,7,210,1,67,114,17,120
frame=1,0,430,1,82,113,23,122
frame=1,1,191,230,101,108,32,117
frame=1,2,293,230,86,108,25,115
frame=1,3,140,1,69,114,20,118
frame=1,4,365,340,82,106,30,115
frame=1,5,180,448,99,101,39,115
frame=1,6,398,117,89,111,30,121
frame=1,7,513,1,67,113,17,119
frame=2,0,93,117,83,112,24,121
frame=2,1,1,340,96,107,32,116
frame=2,2,380,230,86,108,25,115
frame=2,3,329,117,68,112,19,116
frame=2,4,448,340,78,105,28,114
frame=2,5,280,448,98,100,38,114
frame=2,6,488,117,88,110,29,120
frame=2,7,278,1,67,114,17,118
frame=3,0,177,117,78,112,24,121
frame=3,1,98,340,96,107,33,116
frame=3,2,467,230,83,108,25,115
frame=3,3,256,117,72,112,20,117
frame=3,4,1,448,78,105,26,114
frame=3,5,379,448,96,100,35,114
frame=3,6,1,230,86,109,28,119
frame=3,7,71,1,68,115,18,119

[die]
frames=1
duration=800ms
type=play_once
frame=0,0,399,554,62,46,38,55
frame=0,1,59,554,71,49,20,51
frame=0,2,131,554,67,49,-7,41
frame=0,3,336,554,62,47,1,27
frame=0,4,476,448,67,50,22,19
frame=0,5,199,554,71,48,48,24
frame=0,6,271,554,64,47,70,32
frame=0,7,1,554,57,50,61,45
