# Repacked from Flare's fantasycore mod by scripts/repack-flare-art.mjs.
# Only the frames this renderer draws survive; see that script.

image=images/avatar/male/mage_skirt.png
scale=6.7577

[stance]
frames=4
duration=800ms
type=back_forth
frame=0,0,97,187,88,85,43,75
frame=0,1,433,358,101,76,45,71
frame=0,2,381,273,76,83,33,71
frame=0,3,74,95,73,89,28,72
frame=0,4,1,187,95,85,41,75
frame=0,5,368,95,101,85,47,75
frame=0,6,228,1,72,92,32,76
frame=0,7,1,1,75,93,32,78
frame=1,0,370,187,87,84,43,74
frame=1,1,1,441,101,76,46,71
frame=1,2,203,358,76,82,33,70
frame=1,3,148,95,72,89,27,72
frame=1,4,186,187,94,84,40,74
frame=1,5,1,358,100,82,46,74
frame=1,6,301,1,72,92,32,76
frame=1,7,77,1,75,92,32,77
frame=2,0,281,187,88,84,44,74
frame=2,1,206,441,100,75,46,70
frame=2,2,356,358,76,80,33,69
frame=2,3,295,95,72,88,27,71
frame=2,4,190,273,95,83,40,73
frame=2,5,102,358,100,82,46,74
frame=2,6,450,1,72,91,32,75
frame=2,7,374,1,75,91,33,76
frame=3,0,1,273,87,84,43,74
frame=3,1,103,441,102,75,46,70
frame=3,2,280,358,75,81,33,69
frame=3,3,221,95,73,88,28,71
frame=3,4,286,273,94,83,40,73
frame=3,5,89,273,100,83,46,75
frame=3,6,1,95,72,91,32,75
frame=3,7,153,1,74,92,32,77

[die]
frames=1
duration=800ms
type=play_once
frame=0,0,88,518,82,62,18,37
frame=0,1,307,441,82,64,36,32
frame=0,2,256,518,79,60,51,28
frame=0,3,171,518,84,61,71,39
frame=0,4,336,518,83,53,63,47
frame=0,5,420,518,84,48,44,48
frame=0,6,390,441,80,63,24,54
frame=0,7,1,518,86,62,13,45
