# Repacked from Flare's fantasycore mod by scripts/repack-flare-art.mjs.
# Only the frames this renderer draws survive; see that script.

image=images/avatar/male/rod.png
scale=6.7577

[stance]
frames=4
duration=800ms
type=back_forth
frame=0,0,184,205,90,77,31,116
frame=0,1,218,1,59,102,-15,118
frame=0,2,124,1,37,106,-39,102
frame=0,3,176,110,89,91,2,79
frame=0,4,319,358,99,66,43,61
frame=0,5,373,205,69,71,61,65
frame=0,6,307,205,33,75,58,85
frame=0,7,1,426,82,66,62,99
frame=1,0,92,205,91,78,32,117
frame=1,1,338,1,60,101,-15,119
frame=1,2,44,1,39,108,-40,104
frame=1,3,1,110,87,94,0,80
frame=1,4,283,287,98,67,42,62
frame=1,5,1,287,69,70,61,64
frame=1,6,275,205,31,76,58,84
frame=1,7,84,426,76,66,62,100
frame=2,0,1,205,90,81,33,119
frame=2,1,278,1,59,102,-14,121
frame=2,2,84,1,39,107,-41,105
frame=2,3,89,110,86,94,-2,81
frame=2,4,107,287,97,68,40,63
frame=2,5,84,358,68,67,60,61
frame=2,6,341,205,31,73,59,81
frame=2,7,205,287,77,68,64,101
frame=3,0,354,110,87,83,34,119
frame=3,1,162,1,55,103,-13,121
frame=3,2,1,1,42,108,-37,106
frame=3,3,266,110,87,91,-2,81
frame=3,4,218,358,100,66,37,62
frame=3,5,153,358,64,67,56,60
frame=3,6,71,287,35,69,59,78
frame=3,7,1,358,82,67,65,100

[die]
frames=1
duration=800ms
type=play_once
frame=0,0,363,426,64,30,-27,40
frame=0,1,74,493,79,17,-25,6
frame=0,2,186,426,47,39,-12,-3
frame=0,3,161,426,24,44,27,-5
frame=0,4,294,426,68,30,89,3
frame=0,5,1,493,72,19,102,24
frame=0,6,255,426,38,32,58,55
frame=0,7,234,426,20,37,-8,62
