# Repacked from Flare's fantasycore mod by scripts/repack-flare-art.mjs.
# Only the frames this renderer draws survive; see that script.

image=images/avatar/male/shield.png
scale=6.7577

[stance]
frames=4
duration=800ms
type=back_forth
frame=0,0,315,1,57,108,53,105
frame=0,1,264,221,52,104,50,120
frame=0,2,50,327,87,99,35,129
frame=0,3,219,327,71,98,-5,127
frame=0,4,1,1,50,110,-27,118
frame=0,5,137,221,46,105,-18,105
frame=0,6,234,1,80,108,25,96
frame=0,7,150,1,83,108,55,96
frame=1,0,211,112,54,107,53,104
frame=1,1,317,221,52,104,50,120
frame=1,2,138,327,80,98,35,128
frame=1,3,1,430,70,97,-5,126
frame=1,4,52,1,50,109,-27,117
frame=1,5,423,1,46,108,-18,104
frame=1,6,129,112,81,107,26,95
frame=1,7,46,112,82,107,55,95
frame=2,0,398,112,55,106,54,103
frame=2,1,1,327,48,102,50,118
frame=2,2,291,327,81,97,35,127
frame=2,3,72,430,70,97,-5,125
frame=2,4,373,1,49,108,-28,116
frame=2,5,103,1,46,109,-18,102
frame=2,6,317,112,80,106,26,93
frame=2,7,1,221,81,105,55,93
frame=3,0,83,221,53,105,54,101
frame=3,1,452,221,45,103,49,117
frame=3,2,373,327,80,97,35,126
frame=3,3,143,430,67,96,-7,124
frame=3,4,266,112,50,107,-28,115
frame=3,5,1,112,44,108,-19,101
frame=3,6,184,221,79,104,25,91
frame=3,7,370,221,81,103,55,91

[die]
frames=1
duration=800ms
type=play_once
frame=0,0,211,430,43,58,73,37
frame=0,1,255,430,56,51,64,52
frame=0,2,163,528,91,24,48,47
frame=0,3,82,528,80,34,6,45
frame=0,4,312,430,38,51,-35,36
frame=0,5,351,430,55,49,-11,16
frame=0,6,407,430,90,41,40,5
frame=0,7,1,528,80,41,72,12
