# Repacked from Flare's fantasycore mod by scripts/repack-flare-art.mjs.
# Only the frames this renderer draws survive; see that script.

image=images/avatar/male/staff.png
scale=6.7577

[stance]
frames=4
duration=800ms
type=back_forth
frame=0,0,254,250,133,87,37,117
frame=0,1,430,1,81,124,-12,121
frame=0,2,148,1,47,133,-31,106
frame=0,3,375,138,124,108,37,82
frame=0,4,1,495,142,67,83,62
frame=0,5,73,344,92,75,83,68
frame=0,6,519,250,36,85,57,91
frame=0,7,370,495,115,66,66,98
frame=1,0,388,250,130,87,37,118
frame=1,1,348,1,81,125,-12,122
frame=1,2,99,1,48,135,-32,108
frame=1,3,124,138,121,111,34,83
frame=1,4,97,425,141,68,82,62
frame=1,5,203,344,92,72,83,65
frame=1,6,1,344,36,80,58,89
frame=1,7,1,563,112,66,66,99
frame=2,0,126,250,127,89,38,120
frame=2,1,269,1,78,127,-12,124
frame=2,2,1,1,45,136,-33,110
frame=2,3,1,138,122,111,32,84
frame=2,4,330,344,139,70,79,63
frame=2,5,1,425,95,69,81,62
frame=2,6,38,344,34,76,58,84
frame=2,7,144,495,113,67,68,100
frame=3,0,1,250,124,93,40,120
frame=3,1,196,1,72,128,-11,125
frame=3,2,47,1,51,135,-28,110
frame=3,3,246,138,128,110,32,85
frame=3,4,239,425,137,68,74,63
frame=3,5,377,425,85,68,74,61
frame=3,6,166,344,36,74,58,79
frame=3,7,258,495,111,67,69,99

[die]
frames=1
duration=800ms
type=play_once
frame=0,0,281,563,111,44,16,40
frame=0,1,129,630,114,16,6,6
frame=0,2,188,563,69,50,7,6
frame=0,3,258,563,22,46,26,-5
frame=0,4,393,563,110,40,94,13
frame=0,5,1,630,127,22,108,23
frame=0,6,114,563,73,63,60,56
frame=0,7,296,344,33,72,5,64
