# Repacked from Flare's fantasycore mod by scripts/repack-flare-art.mjs.
# Only the frames this renderer draws survive; see that script.

image=images/avatar/male/steel_armor.png
scale=6.7577

[stance]
frames=4
duration=800ms
type=back_forth
frame=0,0,346,1,83,114,23,123
frame=0,1,400,119,104,110,32,118
frame=0,2,383,233,87,109,26,116
frame=0,3,276,1,69,115,20,118
frame=0,4,177,344,82,109,30,117
frame=0,5,249,454,99,107,39,119
frame=0,6,310,119,89,111,30,121
frame=0,7,1,1,68,117,17,122
frame=1,0,430,1,83,114,23,123
frame=1,1,91,233,101,109,32,117
frame=1,2,471,233,87,109,26,115
frame=1,3,514,1,69,114,20,118
frame=1,4,260,344,82,109,30,117
frame=1,5,444,344,99,108,39,119
frame=1,6,1,233,89,110,30,120
frame=1,7,70,1,68,116,17,121
frame=2,0,1,119,83,113,24,122
frame=2,1,343,344,100,108,32,116
frame=2,2,1,344,87,109,26,115
frame=2,3,166,119,70,113,20,117
frame=2,4,89,454,80,108,28,116
frame=2,5,349,454,98,106,38,117
frame=2,6,294,233,88,109,29,119
frame=2,7,208,1,67,116,17,120
frame=3,0,85,119,80,113,24,122
frame=3,1,193,233,100,109,33,117
frame=3,2,89,344,87,109,26,115
frame=3,3,237,119,72,112,20,117
frame=3,4,170,454,78,108,26,116
frame=3,5,448,454,97,106,35,117
frame=3,6,1,454,87,108,28,118
frame=3,7,139,1,68,116,18,120

[die]
frames=1
duration=800ms
type=play_once
frame=0,0,479,563,64,47,41,56
frame=0,1,1,563,74,53,20,54
frame=0,2,146,563,65,51,-7,41
frame=0,3,346,563,64,49,1,27
frame=0,4,76,563,69,51,24,20
frame=0,5,271,563,74,50,51,24
frame=0,6,411,563,67,48,69,32
frame=0,7,212,563,58,51,61,46
