# Repacked from Flare's fantasycore mod by scripts/repack-flare-art.mjs.
# Only the frames this renderer draws survive; see that script.

image=images/avatar/female/buckler.png
scale=6.7577

[stance]
frames=4
duration=800ms
type=back_forth
frame=0,0,342,91,75,85,50,76
frame=0,1,176,1,54,89,53,90
frame=0,2,1,91,46,87,42,102
frame=0,3,74,348,71,70,30,99
frame=0,4,146,348,68,70,-3,97
frame=0,5,94,265,44,82,-22,90
frame=0,6,231,1,44,89,-16,79
frame=0,7,293,179,72,83,22,70
frame=1,0,265,91,76,85,49,76
frame=1,1,119,1,56,89,52,89
frame=1,2,218,91,46,86,42,101
frame=1,3,344,265,72,70,31,99
frame=1,4,215,348,67,70,-2,97
frame=1,5,48,265,45,82,-21,90
frame=1,6,48,91,44,87,-16,79
frame=1,7,150,179,71,84,21,71
frame=2,0,1,179,75,85,47,76
frame=2,1,61,1,57,89,52,89
frame=2,2,170,91,47,86,43,101
frame=2,3,1,348,72,70,32,99
frame=2,4,210,265,67,71,0,98
frame=2,5,1,265,46,82,-20,91
frame=2,6,365,1,44,88,-17,81
frame=2,7,77,179,72,84,19,72
frame=3,0,93,91,76,86,48,77
frame=3,1,1,1,59,89,54,89
frame=3,2,318,1,46,88,43,102
frame=3,3,139,265,70,74,32,103
frame=3,4,278,265,65,71,-1,100
frame=3,5,366,179,49,82,-20,92
frame=3,6,276,1,41,89,-19,82
frame=3,7,222,179,70,84,17,72

[die]
frames=1
duration=800ms
type=play_once
frame=0,0,346,348,66,53,43,59
frame=0,1,62,419,67,51,29,59
frame=0,2,130,419,65,51,12,55
frame=0,3,324,419,55,49,3,46
frame=0,4,259,419,64,49,11,39
frame=0,5,1,419,60,53,27,38
frame=0,6,196,419,62,50,41,44
frame=0,7,283,348,62,56,48,52
