# Repacked from Flare's fantasycore mod by scripts/repack-flare-art.mjs.
# Only the frames this renderer draws survive; see that script.

image=images/avatar/female/chain_cuirass.png
scale=6.7577

[stance]
frames=4
duration=800ms
type=back_forth
frame=0,0,335,1,71,111,20,123
frame=0,1,67,228,85,108,25,123
frame=0,2,70,116,81,110,24,124
frame=0,3,69,1,64,114,14,125
frame=0,4,1,447,71,107,18,120
frame=0,5,161,338,86,107,26,121
frame=0,6,285,116,81,109,23,121
frame=0,7,268,1,66,112,19,122
frame=1,0,407,1,70,111,19,123
frame=1,1,153,228,84,108,24,122
frame=1,2,367,116,81,109,24,123
frame=1,3,202,1,65,113,15,124
frame=1,4,73,447,70,107,19,120
frame=1,5,303,447,86,106,26,121
frame=1,6,404,228,81,108,23,121
frame=1,7,1,228,65,109,18,122
frame=2,0,478,1,69,111,17,123
frame=2,1,248,338,83,107,23,121
frame=2,2,449,116,81,109,24,122
frame=2,3,1,1,67,114,17,124
frame=2,4,144,447,69,107,20,120
frame=2,5,72,338,88,107,28,122
frame=2,6,416,338,82,107,24,122
frame=2,7,152,116,67,110,17,123
frame=3,0,1,116,68,111,16,123
frame=3,1,238,228,82,108,22,121
frame=3,2,321,228,82,108,25,121
frame=3,3,134,1,67,113,18,123
frame=3,4,1,338,70,108,21,120
frame=3,5,214,447,88,106,28,122
frame=3,6,332,338,83,107,24,122
frame=3,7,220,116,64,110,16,123

[die]
frames=1
duration=800ms
type=play_once
frame=0,0,1,555,38,47,57,66
frame=0,1,390,447,39,51,10,73
frame=0,2,40,555,55,46,-24,58
frame=0,3,192,555,61,40,-33,31
frame=0,4,489,447,42,48,-15,14
frame=0,5,151,555,40,44,23,8
frame=0,6,96,555,54,46,76,19
frame=0,7,430,447,58,48,91,43
