# Repacked from Flare's fantasycore mod by scripts/repack-flare-art.mjs.
# Only the frames this renderer draws survive; see that script.

image=images/avatar/female/chain_coif.png
scale=6.7577

[stance]
frames=4
duration=800ms
type=back_forth
frame=0,0,139,480,68,114,18,141
frame=0,1,261,123,67,118,16,144
frame=0,2,65,1,62,120,10,145
frame=0,3,329,123,67,118,9,143
frame=0,4,204,362,69,116,10,140
frame=0,5,397,123,66,118,10,140
frame=0,6,1,123,59,119,11,141
frame=0,7,1,243,66,118,18,141
frame=1,0,68,480,70,114,17,141
frame=1,1,338,243,66,117,15,143
frame=1,2,327,1,63,119,10,144
frame=1,3,121,123,69,118,10,142
frame=1,4,133,362,70,116,11,140
frame=1,5,135,243,65,118,11,140
frame=1,6,61,123,59,119,11,141
frame=1,7,201,243,65,118,17,141
frame=2,0,274,362,67,116,14,142
frame=2,1,68,243,66,118,13,143
frame=2,2,1,1,63,121,10,143
frame=2,3,267,243,70,117,11,141
frame=2,4,410,362,70,115,13,140
frame=2,5,260,1,66,119,13,141
frame=2,6,128,1,62,120,11,142
frame=2,7,191,123,69,118,16,142
frame=3,0,1,480,66,115,13,141
frame=3,1,1,362,65,117,12,142
frame=3,2,391,1,63,119,10,143
frame=3,3,67,362,65,117,12,141
frame=3,4,342,362,67,116,14,140
frame=3,5,405,243,66,117,13,141
frame=3,6,455,1,60,119,12,143
frame=3,7,191,1,68,119,15,143

[die]
frames=1
duration=800ms
type=play_once
frame=0,0,412,480,26,27,76,58
frame=0,1,439,480,31,26,3,68
frame=0,2,387,480,24,29,-66,53
frame=0,3,354,480,32,30,-79,21
frame=0,4,241,480,38,35,-40,-7
frame=0,5,208,480,32,36,25,-17
frame=0,6,280,480,37,33,89,-3
frame=0,7,318,480,35,30,109,30
