# Repacked from Flare's fantasycore mod by scripts/repack-flare-art.mjs.
# Only the frames this renderer draws survive; see that script.

image=images/avatar/female/dagger.png
scale=6.7577

[stance]
frames=4
duration=800ms
type=back_forth
frame=0,0,196,86,27,67,-6,98
frame=0,1,35,1,33,83,-28,104
frame=0,2,195,1,60,73,-25,83
frame=0,3,201,160,51,60,-12,62
frame=0,4,1,225,40,60,17,54
frame=0,5,74,286,30,54,44,63
frame=0,6,1,286,49,57,60,83
frame=0,7,1,160,33,64,43,104
frame=1,0,259,86,24,65,-7,96
frame=1,1,69,1,33,83,-29,105
frame=1,2,61,86,59,72,-26,83
frame=1,3,253,160,51,60,-12,62
frame=1,4,42,225,40,60,17,54
frame=1,5,135,286,29,53,44,63
frame=1,6,229,225,50,58,61,84
frame=1,7,224,86,34,65,43,105
frame=2,0,76,160,23,62,-8,93
frame=2,1,1,1,33,84,-29,106
frame=2,2,1,86,59,73,-27,84
frame=2,3,100,160,51,61,-14,63
frame=2,4,83,225,40,60,17,54
frame=2,5,165,286,30,51,44,63
frame=2,6,177,225,51,59,61,85
frame=2,7,159,86,36,67,44,106
frame=3,0,51,286,22,56,-9,90
frame=3,1,103,1,32,83,-29,107
frame=3,2,136,1,58,74,-28,85
frame=3,3,152,160,48,61,-15,64
frame=3,4,35,160,40,62,15,55
frame=3,5,105,286,29,54,43,63
frame=3,6,124,225,52,59,62,84
frame=3,7,121,86,37,67,45,106

[die]
frames=1
duration=800ms
type=play_once
frame=0,0,196,286,18,27,94,37
frame=0,1,215,286,22,25,43,61
frame=0,2,85,344,38,12,-19,53
frame=0,3,124,344,27,11,-81,24
frame=0,4,261,286,19,23,-76,-5
frame=0,5,238,286,22,23,-22,-29
frame=0,6,43,344,41,12,60,-33
frame=0,7,1,344,41,16,108,-4
