# Repacked from Flare's fantasycore mod by scripts/repack-flare-art.mjs.
# Only the frames this renderer draws survive; see that script.

image=images/avatar/female/default_chest.png
scale=6.7577

[stance]
frames=4
duration=800ms
type=back_forth
frame=0,0,328,1,69,111,20,123
frame=0,1,1,226,80,108,22,123
frame=0,2,196,114,75,109,21,123
frame=0,3,131,1,62,112,12,123
frame=0,4,1,443,70,107,18,120
frame=0,5,1,335,85,107,25,121
frame=0,6,272,114,74,109,20,121
frame=0,7,194,1,62,112,19,122
frame=1,0,257,1,70,111,19,123
frame=1,1,409,114,81,108,21,122
frame=1,2,241,226,75,108,21,122
frame=1,3,1,114,63,111,13,122
frame=1,4,72,443,69,107,19,120
frame=1,5,212,443,84,106,26,121
frame=1,6,163,226,77,108,21,121
frame=1,7,347,114,61,109,18,122
frame=2,0,398,1,68,111,17,123
frame=2,1,173,335,80,107,20,121
frame=2,2,317,226,75,108,21,121
frame=2,3,1,1,64,112,14,122
frame=2,4,142,443,69,107,20,120
frame=2,5,87,335,85,107,27,122
frame=2,6,407,335,74,107,21,122
frame=2,7,65,114,65,110,17,123
frame=3,0,467,1,67,111,16,123
frame=3,1,82,226,80,108,20,121
frame=3,2,254,335,76,107,22,120
frame=3,3,66,1,64,112,15,122
frame=3,4,393,226,69,108,20,120
frame=3,5,297,443,79,106,27,122
frame=3,6,331,335,75,107,22,122
frame=3,7,131,114,64,110,16,123

[die]
frames=1
duration=800ms
type=play_once
frame=0,0,60,551,38,44,57,63
frame=0,1,419,443,38,48,11,70
frame=0,2,99,551,55,43,-24,55
frame=0,3,195,551,61,38,-33,29
frame=0,4,377,443,41,48,-16,14
frame=0,5,155,551,39,43,22,8
frame=0,6,458,443,54,45,76,19
frame=0,7,1,551,58,44,91,39
