# Repacked from Flare's fantasycore mod by scripts/repack-flare-art.mjs.
# Only the frames this renderer draws survive; see that script.

image=images/avatar/female/head_long.png
scale=6.7577

[stance]
frames=4
duration=800ms
type=back_forth
frame=0,0,74,478,71,115,18,142
frame=0,1,72,124,68,118,17,144
frame=0,2,1,1,64,122,11,145
frame=0,3,403,1,70,118,9,143
frame=0,4,270,243,68,116,9,141
frame=0,5,339,243,68,116,10,140
frame=0,6,338,361,63,116,12,140
frame=0,7,210,124,68,117,17,141
frame=1,0,199,243,70,116,17,142
frame=1,1,141,124,68,118,16,144
frame=1,2,131,1,64,120,11,145
frame=1,3,196,1,69,119,10,143
frame=1,4,146,478,69,115,10,140
frame=1,5,272,361,65,116,11,140
frame=1,6,402,361,63,116,12,141
frame=1,7,279,124,68,117,17,141
frame=2,0,408,243,68,116,15,142
frame=2,1,417,124,67,117,14,143
frame=2,2,266,1,64,119,11,143
frame=2,3,1,124,70,118,11,142
frame=2,4,1,478,72,115,13,140
frame=2,5,205,361,66,116,13,141
frame=2,6,134,243,64,117,13,142
frame=2,7,348,124,68,117,15,142
frame=3,0,1,361,67,116,13,142
frame=3,1,1,243,66,117,13,142
frame=3,2,66,1,64,121,11,143
frame=3,3,331,1,71,118,12,142
frame=3,4,69,361,67,116,14,140
frame=3,5,216,478,67,115,14,141
frame=3,6,68,243,65,117,12,142
frame=3,7,137,361,67,116,14,142

[die]
frames=1
duration=800ms
type=play_once
frame=0,0,482,478,26,27,77,59
frame=0,1,1,594,32,26,5,69
frame=0,2,422,478,26,30,-66,54
frame=0,3,449,478,32,28,-80,19
frame=0,4,351,478,39,31,-40,-11
frame=0,5,318,478,32,32,24,-20
frame=0,6,284,478,33,33,89,-3
frame=0,7,391,478,30,31,109,31
