# Repacked from Flare's fantasycore mod by scripts/repack-flare-art.mjs.
# Only the frames this renderer draws survive; see that script.

image=images/avatar/female/leather_armor.png
scale=6.7577

[stance]
frames=4
duration=800ms
type=back_forth
frame=0,0,419,116,71,112,21,124
frame=0,1,303,342,82,108,22,123
frame=0,2,82,230,79,111,21,123
frame=0,3,135,1,64,114,12,124
frame=0,4,1,342,72,109,18,120
frame=0,5,1,452,85,107,25,121
frame=0,6,340,116,78,112,20,122
frame=0,7,276,116,63,113,20,122
frame=1,0,409,1,71,113,20,124
frame=1,1,386,342,81,108,21,122
frame=1,2,242,230,79,110,21,122
frame=1,3,265,1,63,114,13,123
frame=1,4,74,342,71,109,19,120
frame=1,5,216,342,86,108,26,121
frame=1,6,329,1,79,113,21,123
frame=1,7,144,116,65,113,19,122
frame=2,0,1,116,71,113,18,124
frame=2,1,173,452,80,107,20,121
frame=2,2,322,230,79,110,21,121
frame=2,3,200,1,64,114,14,123
frame=2,4,468,342,69,108,20,120
frame=2,5,87,452,85,107,27,122
frame=2,6,162,230,79,111,21,124
frame=2,7,69,1,65,114,17,123
frame=3,0,73,116,70,113,17,123
frame=3,1,254,452,80,107,20,121
frame=3,2,402,230,80,109,22,120
frame=3,3,210,116,65,113,15,122
frame=3,4,146,342,69,109,20,120
frame=3,5,335,452,85,106,27,122
frame=3,6,1,230,80,111,22,124
frame=3,7,1,1,67,114,17,123

[die]
frames=1
duration=800ms
type=play_once
frame=0,0,68,560,44,46,57,65
frame=0,1,464,452,40,54,13,72
frame=0,2,1,560,66,46,-13,56
frame=0,3,240,560,64,42,-30,33
frame=0,4,421,452,42,54,-15,20
frame=0,5,505,452,40,47,22,12
frame=0,6,113,560,64,45,76,19
frame=0,7,178,560,61,44,91,39
