# Repacked from Flare's fantasycore mod by scripts/repack-flare-art.mjs.
# Only the frames this renderer draws survive; see that script.

image=images/avatar/female/longsword.png
scale=6.7577

[stance]
frames=4
duration=800ms
type=back_forth
frame=0,0,350,1,55,129,22,158
frame=0,1,289,1,60,130,-26,150
frame=0,2,333,137,116,108,-22,116
frame=0,3,174,442,118,81,-3,77
frame=0,4,1,356,68,85,20,63
frame=0,5,329,356,52,84,61,70
frame=0,6,97,526,95,73,106,96
frame=0,7,106,251,104,102,90,136
frame=1,0,406,1,54,129,21,159
frame=1,1,172,1,59,132,-26,152
frame=1,2,217,137,115,109,-23,117
frame=1,3,55,442,118,82,-3,78
frame=1,4,70,356,66,85,19,63
frame=1,5,1,442,53,83,62,70
frame=1,6,1,526,95,75,106,98
frame=1,7,1,251,104,104,90,138
frame=2,0,117,1,54,133,21,162
frame=2,1,58,1,58,134,-27,154
frame=2,2,109,137,107,112,-24,120
frame=2,3,137,356,123,84,-5,80
frame=2,4,261,356,67,84,19,63
frame=2,5,382,356,52,84,61,71
frame=2,6,343,442,96,76,106,100
frame=2,7,211,251,82,101,89,140
frame=3,0,232,1,56,131,24,162
frame=3,1,1,1,56,135,-27,155
frame=3,2,1,137,107,113,-25,122
frame=3,3,379,251,113,86,-6,83
frame=3,4,435,356,71,83,18,63
frame=3,5,293,442,49,81,58,70
frame=3,6,440,442,95,76,105,99
frame=3,7,294,251,84,100,91,139

[die]
frames=1
duration=800ms
type=play_once
frame=0,0,193,526,44,60,116,68
frame=0,1,238,526,47,58,45,91
frame=0,2,1,602,98,28,-16,69
frame=0,3,199,602,81,21,-81,25
frame=0,4,333,526,45,50,-73,-3
frame=0,5,286,526,46,50,0,-27
frame=0,6,100,602,98,26,113,-29
frame=0,7,379,526,97,33,161,11
