# Repacked from Flare's fantasycore mod by scripts/repack-flare-art.mjs.
# Only the frames this renderer draws survive; see that script.

image=images/avatar/female/mage_vest.png
scale=6.7577

[stance]
frames=4
duration=800ms
type=back_forth
frame=0,0,197,1,71,115,20,127
frame=0,1,202,344,82,108,22,123
frame=0,2,82,233,78,110,21,125
frame=0,3,133,1,63,116,12,127
frame=0,4,398,233,72,110,18,123
frame=0,5,1,455,85,107,25,121
frame=0,6,72,118,78,112,20,124
frame=0,7,302,118,67,112,19,122
frame=1,0,333,1,75,114,19,126
frame=1,1,451,344,81,108,21,123
frame=1,2,161,233,78,110,21,124
frame=1,3,269,1,63,115,13,126
frame=1,4,471,233,72,110,19,123
frame=1,5,259,455,86,106,26,121
frame=1,6,151,118,78,112,21,125
frame=1,7,134,344,67,109,18,122
frame=2,0,1,118,70,114,17,126
frame=2,1,285,344,82,108,20,122
frame=2,2,240,233,78,110,21,123
frame=2,3,1,1,65,116,15,126
frame=2,4,370,118,71,111,20,123
frame=2,5,87,455,85,107,27,122
frame=2,6,319,233,78,110,21,125
frame=2,7,68,344,65,110,17,123
frame=3,0,409,1,72,114,16,126
frame=3,1,368,344,82,108,20,122
frame=3,2,1,233,80,110,22,123
frame=3,3,67,1,65,116,16,126
frame=3,4,230,118,71,112,20,124
frame=3,5,173,455,85,107,27,123
frame=3,6,442,118,82,110,22,125
frame=3,7,1,344,66,110,16,123

[die]
frames=1
duration=800ms
type=play_once
frame=0,0,429,455,39,49,58,68
frame=0,1,346,455,38,53,10,75
frame=0,2,469,455,57,46,-24,58
frame=0,3,155,563,61,39,-33,29
frame=0,4,385,455,43,49,-15,14
frame=0,5,114,563,40,44,23,8
frame=0,6,59,563,54,44,76,18
frame=0,7,1,563,57,45,91,40
