# Repacked from Flare's fantasycore mod by scripts/repack-flare-art.mjs.
# Only the frames this renderer draws survive; see that script.

image=images/avatar/female/mage_hood.png
scale=6.7577

[stance]
frames=4
duration=800ms
type=back_forth
frame=0,0,1,501,73,119,19,146
frame=0,1,75,380,72,120,18,146
frame=0,2,423,130,65,124,12,147
frame=0,3,439,256,73,120,12,145
frame=0,4,301,380,74,119,13,144
frame=0,5,422,1,72,125,14,147
frame=0,6,1,1,68,128,15,149
frame=0,7,1,130,72,125,19,149
frame=1,0,152,501,72,118,17,146
frame=1,1,142,256,71,121,17,146
frame=1,2,489,130,65,124,12,147
frame=1,3,214,256,74,120,13,144
frame=1,4,225,380,75,119,15,144
frame=1,5,217,130,69,125,15,148
frame=1,6,70,1,68,128,15,150
frame=1,7,74,130,71,125,18,149
frame=2,0,67,256,74,121,15,146
frame=2,1,376,380,74,119,15,145
frame=2,2,287,130,65,125,12,146
frame=2,3,451,380,74,119,15,143
frame=2,4,148,380,76,119,17,144
frame=2,5,353,130,69,124,16,148
frame=2,6,208,1,68,127,15,151
frame=2,7,350,1,71,126,17,150
frame=3,0,289,256,74,120,13,145
frame=3,1,1,380,73,120,14,144
frame=3,2,1,256,65,123,12,145
frame=3,3,364,256,74,120,15,143
frame=3,4,75,501,76,118,19,143
frame=3,5,146,130,70,125,17,149
frame=3,6,139,1,68,128,15,151
frame=3,7,277,1,72,126,16,150

[die]
frames=1
duration=800ms
type=play_once
frame=0,0,456,501,30,31,79,62
frame=0,1,487,501,36,27,5,70
frame=0,2,421,501,34,31,-64,54
frame=0,3,385,501,35,33,-81,22
frame=0,4,225,501,39,37,-41,-10
frame=0,5,310,501,35,34,28,-22
frame=0,6,265,501,44,34,98,-3
frame=0,7,346,501,38,33,115,32
