# Repacked from Flare's fantasycore mod by scripts/repack-flare-art.mjs.
# Only the frames this renderer draws survive; see that script.

image=images/avatar/female/mage_skirt.png
scale=6.7577

[stance]
frames=4
duration=800ms
type=back_forth
frame=0,0,225,289,70,90,30,83
frame=0,1,233,380,70,88,30,83
frame=0,2,321,1,66,94,25,87
frame=0,3,1,1,62,100,24,90
frame=0,4,1,289,75,90,32,85
frame=0,5,367,289,81,89,33,86
frame=0,6,339,102,67,92,22,84
frame=0,7,139,102,64,93,26,84
frame=1,0,296,289,70,90,29,83
frame=1,1,159,380,73,88,30,83
frame=1,2,254,1,66,95,25,87
frame=1,3,64,1,62,100,24,90
frame=1,4,133,196,77,91,34,85
frame=1,5,81,380,77,88,33,86
frame=1,6,407,102,67,92,22,84
frame=1,7,68,196,64,92,26,84
frame=2,0,152,289,72,90,28,83
frame=2,1,378,380,72,87,29,82
frame=2,2,388,1,64,94,25,86
frame=2,3,191,1,62,99,25,89
frame=2,4,289,196,76,91,35,85
frame=2,5,1,380,79,89,34,87
frame=2,6,1,196,66,92,22,85
frame=2,7,269,102,69,92,25,84
frame=3,0,77,289,74,90,30,83
frame=3,1,304,380,73,87,30,82
frame=3,2,204,102,64,93,25,85
frame=3,3,127,1,63,99,25,89
frame=3,4,211,196,77,91,34,86
frame=3,5,366,196,78,90,33,88
frame=3,6,72,102,66,93,21,85
frame=3,7,1,102,70,93,26,84

[die]
frames=1
duration=800ms
type=play_once
frame=0,0,1,470,55,58,63,42
frame=0,1,174,470,74,50,55,48
frame=0,2,1,529,75,41,34,47
frame=0,3,249,470,62,50,9,43
frame=0,4,119,470,54,52,-10,34
frame=0,5,388,470,62,44,6,20
frame=0,6,312,470,75,48,38,18
frame=0,7,57,470,61,57,52,29
