# Repacked from Flare's fantasycore mod by scripts/repack-flare-art.mjs.
# Only the frames this renderer draws survive; see that script.

image=images/avatar/female/rod.png
scale=6.7577

[stance]
frames=4
duration=800ms
type=back_forth
frame=0,0,85,204,31,75,-6,99
frame=0,1,104,1,50,109,-23,122
frame=0,2,90,112,88,90,-13,96
frame=0,3,169,363,92,68,6,69
frame=0,4,82,363,57,69,24,55
frame=0,5,324,292,42,70,52,64
frame=0,6,354,363,80,68,79,90
frame=0,7,1,204,83,87,62,117
frame=1,0,117,204,29,73,-7,98
frame=1,1,155,1,52,108,-23,123
frame=1,2,1,112,88,91,-14,97
frame=1,3,262,363,91,68,5,69
frame=1,4,223,292,56,70,23,56
frame=1,5,205,204,43,71,53,65
frame=1,6,1,363,80,69,79,91
frame=1,7,342,112,83,89,62,119
frame=2,0,140,363,28,69,-8,94
frame=2,1,51,1,52,109,-24,124
frame=2,2,343,1,85,93,-16,99
frame=2,3,344,204,91,70,4,71
frame=2,4,147,204,57,71,23,57
frame=2,5,280,292,43,70,53,66
frame=2,6,1,292,81,70,80,92
frame=2,7,261,112,80,90,62,120
frame=3,0,208,1,49,108,13,133
frame=3,1,1,1,49,110,-24,125
frame=3,2,258,1,84,94,-17,100
frame=3,3,249,204,94,70,2,72
frame=3,4,164,292,58,70,22,58
frame=3,5,367,292,41,70,51,66
frame=3,6,83,292,80,70,79,92
frame=3,7,179,112,81,90,64,120

[die]
frames=1
duration=800ms
type=play_once
frame=0,0,1,433,36,47,105,50
frame=0,1,38,433,36,46,48,74
frame=0,2,226,433,64,20,-18,61
frame=0,3,368,433,49,16,-81,24
frame=0,4,75,433,37,39,-69,1
frame=0,5,113,433,36,39,-13,-23
frame=0,6,291,433,76,19,81,-31
frame=0,7,150,433,75,28,129,4
