# Repacked from Flare's fantasycore mod by scripts/repack-flare-art.mjs.
# Only the frames this renderer draws survive; see that script.

image=images/avatar/female/shield.png
scale=6.7577

[stance]
frames=4
duration=800ms
type=back_forth
frame=0,0,279,116,89,94,54,84
frame=0,1,113,1,55,113,53,103
frame=0,2,336,1,56,103,52,109
frame=0,3,388,214,101,86,51,112
frame=0,4,1,476,96,75,21,97
frame=0,5,115,305,53,86,-21,92
frame=0,6,1,214,58,90,-10,80
frame=0,7,362,305,91,83,27,71
frame=1,0,187,116,91,94,53,84
frame=1,1,58,1,54,114,52,103
frame=1,2,393,1,56,103,52,109
frame=1,3,169,305,100,85,52,111
frame=1,4,98,476,97,74,22,97
frame=1,5,334,214,53,87,-19,92
frame=1,6,115,214,58,89,-10,81
frame=1,7,1,392,91,83,26,71
frame=2,0,94,116,92,95,51,85
frame=2,1,169,1,54,113,51,102
frame=2,2,279,1,56,105,52,109
frame=2,3,232,214,101,88,53,112
frame=2,4,353,392,98,75,24,98
frame=2,5,1,305,57,86,-17,93
frame=2,6,174,214,57,89,-11,82
frame=2,7,93,392,93,82,24,72
frame=3,0,1,116,92,97,50,86
frame=3,1,1,1,56,114,53,103
frame=3,2,224,1,54,111,51,115
frame=3,3,369,116,99,90,53,114
frame=3,4,256,392,96,76,24,101
frame=3,5,59,305,55,86,-17,93
frame=3,6,60,214,54,90,-13,82
frame=3,7,270,305,91,85,22,73

[die]
frames=1
duration=800ms
type=play_once
frame=0,0,262,476,97,66,58,64
frame=0,1,89,552,94,54,34,59
frame=0,2,360,476,75,62,18,60
frame=0,3,436,476,63,61,9,51
frame=0,4,184,552,94,49,28,37
frame=0,5,1,552,87,59,46,41
frame=0,6,187,392,68,79,45,58
frame=0,7,196,476,65,74,53,67
