# Repacked from Flare's fantasycore mod by scripts/repack-flare-art.mjs.
# Only the frames this renderer draws survive; see that script.

image=images/avatar/female/staff.png
scale=6.7577

[stance]
frames=4
duration=800ms
type=back_forth
frame=0,0,114,243,46,101,-7,100
frame=0,1,193,1,64,133,-13,120
frame=0,2,127,137,128,104,25,92
frame=0,3,1,484,132,66,48,64
frame=0,4,225,415,72,68,46,54
frame=0,5,408,243,43,70,56,65
frame=0,6,266,484,114,66,81,89
frame=0,7,206,243,116,99,60,118
frame=1,0,161,243,44,101,-8,99
frame=1,1,127,1,65,133,-13,121
frame=1,2,385,1,125,105,23,93
frame=1,3,134,484,131,66,47,64
frame=1,4,203,345,71,69,45,54
frame=1,5,370,415,42,68,56,65
frame=1,6,381,484,111,66,81,90
frame=1,7,369,137,115,101,60,119
frame=2,0,323,243,41,97,-9,98
frame=2,1,63,1,63,134,-14,122
frame=2,2,1,137,125,105,21,94
frame=2,3,326,345,127,68,44,66
frame=2,4,298,415,71,68,44,55
frame=2,5,275,345,50,69,56,66
frame=2,6,1,415,112,68,82,92
frame=2,7,256,137,112,102,60,120
frame=3,0,365,243,42,94,-9,95
frame=3,1,1,1,61,135,-16,123
frame=3,2,258,1,126,108,19,96
frame=3,3,1,345,128,69,43,67
frame=3,4,130,345,72,69,44,55
frame=3,5,452,243,41,70,55,65
frame=3,6,114,415,110,68,82,91
frame=3,7,1,243,112,101,62,120

[die]
frames=1
duration=800ms
type=play_once
frame=0,0,34,551,30,39,105,44
frame=0,1,1,551,32,39,48,69
frame=0,2,319,551,50,13,-30,57
frame=0,3,271,551,47,14,-82,23
frame=0,4,65,551,30,36,-75,-3
frame=0,5,96,551,32,35,-16,-29
frame=0,6,199,551,71,15,80,-36
frame=0,7,129,551,69,21,129,-3
