# Repacked from Flare's fantasycore mod by scripts/repack-flare-art.mjs.
# Only the frames this renderer draws survive; see that script.

image=images/avatar/female/steel_armor.png
scale=6.7577

[stance]
frames=4
duration=800ms
type=back_forth
frame=0,0,163,117,74,113,21,125
frame=0,1,235,344,88,111,25,125
frame=0,2,435,231,82,112,24,126
frame=0,3,143,1,68,114,13,125
frame=0,4,84,344,76,112,18,123
frame=0,5,349,1,87,113,26,124
frame=0,6,1,457,83,111,22,123
frame=0,7,1,1,70,115,22,125
frame=1,0,86,117,76,113,20,125
frame=1,1,413,344,87,111,24,125
frame=1,2,1,344,82,112,24,125
frame=1,3,212,1,68,114,14,125
frame=1,4,85,457,75,111,19,123
frame=1,5,324,344,88,111,27,124
frame=1,6,267,231,83,112,22,124
frame=1,7,72,1,70,114,21,125
frame=2,0,238,117,74,113,18,125
frame=2,1,309,457,89,110,23,124
frame=2,2,351,231,83,112,25,124
frame=2,3,281,1,67,114,16,124
frame=2,4,161,457,74,111,20,123
frame=2,5,91,231,88,112,28,125
frame=2,6,1,117,84,113,23,125
frame=2,7,384,117,69,113,19,126
frame=3,0,161,344,73,112,17,124
frame=3,1,399,457,88,110,22,123
frame=3,2,180,231,86,112,25,124
frame=3,3,454,117,67,113,17,123
frame=3,4,236,457,72,111,21,122
frame=3,5,1,231,89,112,29,125
frame=3,6,437,1,85,113,23,126
frame=3,7,313,117,70,113,18,126

[die]
frames=1
duration=800ms
type=play_once
frame=0,0,110,569,44,48,61,67
frame=0,1,488,457,42,53,13,75
frame=0,2,1,569,61,50,-22,61
frame=0,3,317,569,61,43,-33,32
frame=0,4,63,569,46,50,-15,15
frame=0,5,155,569,43,48,24,9
frame=0,6,257,569,59,46,78,19
frame=0,7,199,569,57,47,91,42
