# Repacked from Flare's fantasycore mod by scripts/repack-flare-art.mjs.
# Only the animations this renderer draws survive; see that script.

image=images/creatures/cursed_grave.png
scale=5.9880

[stance]
frames=8
duration=1066ms
type=looped
frame=0,0,703,1323,104,208,51,182
frame=0,1,1232,891,133,214,61,184
frame=0,2,808,1323,163,207,71,182
frame=0,3,392,891,148,215,64,185
frame=0,4,912,1108,102,211,50,186
frame=0,5,153,891,135,216,60,186
frame=0,6,540,1323,162,209,67,183
frame=0,7,1080,891,151,214,61,183
frame=1,0,1,1323,104,210,51,184
frame=1,1,541,891,134,215,61,185
frame=1,2,211,1323,164,209,71,184
frame=1,3,336,673,150,217,64,187
frame=1,4,706,1108,102,212,50,187
frame=1,5,937,453,138,218,60,188
frame=1,6,1015,1108,162,210,67,184
frame=1,7,1182,673,151,216,61,185
frame=2,0,1,1108,104,214,51,188
frame=2,1,322,453,135,219,61,189
frame=2,2,374,1108,165,212,72,187
frame=2,3,428,229,151,221,64,191
frame=2,4,289,891,102,216,50,191
frame=2,5,580,229,138,221,60,191
frame=2,6,913,891,166,214,67,188
frame=2,7,961,229,152,220,62,189
frame=3,0,638,673,104,217,51,191
frame=3,1,154,229,136,222,61,192
frame=3,2,848,673,167,216,72,191
frame=3,3,725,1,153,224,66,194
frame=3,4,563,453,102,219,50,194
frame=3,5,447,1,138,225,60,195
frame=3,6,769,453,167,218,68,192
frame=3,7,1170,1,152,223,62,192
frame=4,0,458,453,104,219,51,193
frame=4,1,1033,1,136,224,61,194
frame=4,2,1,673,167,217,72,192
frame=4,3,140,1,153,226,66,196
frame=4,4,858,229,102,221,50,196
frame=4,5,1,1,138,227,60,197
frame=4,6,1,453,167,219,68,193
frame=4,7,294,1,152,225,62,194
frame=5,0,743,673,104,217,51,191
frame=5,1,291,229,136,222,61,192
frame=5,2,1016,673,165,216,72,191
frame=5,3,879,1,153,224,66,194
frame=5,4,666,453,102,219,50,194
frame=5,5,586,1,138,225,60,195
frame=5,6,169,673,166,217,67,191
frame=5,7,1,229,152,223,62,192
frame=6,0,269,1108,104,213,51,187
frame=6,1,1215,453,134,218,61,188
frame=6,2,540,1108,165,212,72,187
frame=6,3,1114,229,151,220,64,190
frame=6,4,810,891,102,215,50,190
frame=6,5,719,229,138,221,60,191
frame=6,6,106,1108,162,213,67,187
frame=6,7,169,453,152,219,62,188
frame=7,0,106,1323,104,210,51,184
frame=7,1,676,891,133,215,61,185
frame=7,2,376,1323,163,209,71,184
frame=7,3,487,673,150,217,64,187
frame=7,4,809,1108,102,212,50,187
frame=7,5,1076,453,138,218,60,188
frame=7,6,1178,1108,162,210,67,184
frame=7,7,1,891,151,216,61,185
