# Repacked from Flare's fantasycore mod by scripts/repack-flare-art.mjs.
# Only the animations this renderer draws survive; see that script.

image=images/creatures/goblin_elite.png
scale=6.1250

[stance]
frames=4
duration=800ms
type=back_forth
frame=0,0,269,429,141,130,88,115
frame=0,1,624,294,104,132,45,120
frame=0,2,267,1,108,147,41,124
frame=0,3,1,1,132,147,33,121
frame=0,4,336,294,159,132,51,116
frame=0,5,327,149,124,137,57,113
frame=0,6,223,149,103,139,41,112
frame=0,7,163,561,126,128,80,112
frame=1,0,411,429,141,130,88,114
frame=1,1,163,429,105,131,45,119
frame=1,2,506,1,109,145,42,122
frame=1,3,134,1,132,147,33,120
frame=1,4,1,429,161,131,51,115
frame=1,5,558,149,124,135,58,111
frame=1,6,452,149,105,137,42,110
frame=1,7,591,561,127,127,80,111
frame=2,0,449,561,141,127,89,111
frame=2,1,553,429,107,129,47,117
frame=2,2,1,149,110,144,42,120
frame=2,3,376,1,129,145,33,117
frame=2,4,1,561,161,128,50,112
frame=2,5,209,294,126,133,59,108
frame=2,6,1,294,103,134,42,107
frame=2,7,251,690,124,123,79,108
frame=3,0,110,690,140,126,90,110
frame=3,1,1,690,108,127,48,116
frame=3,2,112,149,110,142,43,119
frame=3,3,616,1,131,144,32,116
frame=3,4,290,561,158,127,49,111
frame=3,5,496,294,127,132,59,106
frame=3,6,105,294,103,134,43,105
frame=3,7,376,690,124,121,81,106
