# Repacked from Flare's fantasycore mod by scripts/repack-flare-art.mjs.
# Only the animations this renderer draws survive; see that script.

image=images/creatures/ice_ant.png
scale=5.9200

[stance]
frames=4
duration=533ms
type=back_forth
frame=0,0,1,587,153,137,66,96
frame=0,1,1,1,195,148,97,100
frame=0,2,1,857,168,117,84,90
frame=0,3,197,1,195,148,98,100
frame=0,4,155,587,136,137,67,96
frame=0,5,393,1,195,148,98,100
frame=0,6,281,725,168,123,84,96
frame=0,7,589,1,195,148,97,100
frame=1,0,292,587,150,135,66,94
frame=1,1,1,150,197,147,98,99
frame=1,2,170,857,170,116,85,89
frame=1,3,595,150,197,146,99,98
frame=1,4,443,587,137,135,67,94
frame=1,5,199,150,197,147,99,99
frame=1,6,450,725,170,122,85,95
frame=1,7,397,150,197,147,98,99
frame=2,0,581,587,149,132,64,91
frame=2,1,1,298,199,144,99,96
frame=2,2,341,857,172,115,86,88
frame=2,3,600,298,198,143,99,95
frame=2,4,731,587,134,132,67,91
frame=2,5,201,298,199,144,100,96
frame=2,6,621,725,172,118,86,91
frame=2,7,401,298,198,144,99,96
frame=3,0,1,725,147,131,62,89
frame=3,1,198,443,195,143,97,94
frame=3,2,683,857,168,113,84,86
frame=3,3,590,443,196,142,98,93
frame=3,4,149,725,131,130,67,88
frame=3,5,394,443,195,143,98,94
frame=3,6,514,857,168,115,84,88
frame=3,7,1,443,196,143,98,95
