# Repacked from Flare's fantasycore mod by scripts/repack-flare-art.mjs.
# Only the animations this renderer draws survive; see that script.

image=images/creatures/minotaur.png
scale=6.0627

[stance]
frames=8
duration=1600ms
type=looped
frame=0,0,1548,263,157,248,76,227
frame=0,1,1045,263,167,249,73,226
frame=0,2,1107,1011,228,224,77,207
frame=0,3,149,768,210,238,50,226
frame=0,4,1,1,158,261,44,227
frame=0,5,1454,1,172,255,52,210
frame=0,6,903,1470,241,205,114,186
frame=0,7,201,1011,227,228,133,211
frame=1,0,1,519,157,248,76,227
frame=1,1,1213,263,167,248,73,225
frame=1,2,455,1245,228,223,77,206
frame=1,3,360,768,210,237,50,225
frame=1,4,160,1,158,261,44,227
frame=1,5,1,263,169,255,53,211
frame=1,6,666,1470,236,206,114,187
frame=1,7,429,1011,227,228,134,211
frame=2,0,645,519,158,246,77,225
frame=2,1,478,519,166,246,72,223
frame=2,2,1130,1245,226,221,77,204
frame=2,3,979,768,209,235,51,223
frame=2,4,957,1,158,259,44,225
frame=2,5,1278,1,175,255,52,210
frame=2,6,1145,1470,239,205,113,186
frame=2,7,657,1011,225,228,134,210
frame=3,0,1293,519,153,244,74,223
frame=3,1,804,519,164,245,72,222
frame=3,2,221,1470,226,220,77,203
frame=3,3,1389,768,205,233,51,221
frame=3,4,797,1,159,259,45,222
frame=3,5,348,263,170,253,52,206
frame=3,6,1,1692,237,201,114,182
frame=3,7,1,1245,222,224,132,206
frame=4,0,1,768,147,242,71,221
frame=4,1,1131,519,161,244,73,221
frame=4,2,1357,1245,226,221,78,204
frame=4,3,1,1011,199,233,51,221
frame=4,4,319,1,159,260,45,220
frame=4,5,696,263,173,250,51,203
frame=4,6,474,1692,234,197,114,178
frame=4,7,1,1470,219,221,131,203
frame=5,0,1595,519,145,243,69,221
frame=5,1,969,519,161,245,73,222
frame=5,2,684,1245,226,222,78,205
frame=5,3,1189,768,199,234,51,222
frame=5,4,1116,1,161,257,45,220
frame=5,5,870,263,174,249,51,202
frame=5,6,709,1692,231,195,114,176
frame=5,7,448,1470,217,220,129,202
frame=6,0,1447,519,147,244,70,223
frame=6,1,159,519,163,247,73,224
frame=6,2,224,1245,230,223,78,206
frame=6,3,778,768,200,236,51,224
frame=6,4,479,1,158,260,44,222
frame=6,5,519,263,176,251,51,204
frame=6,6,239,1692,234,198,114,179
frame=6,7,911,1245,218,222,130,204
frame=7,0,323,519,154,247,73,226
frame=7,1,1381,263,166,248,73,225
frame=7,2,1336,1011,226,224,77,207
frame=7,3,571,768,206,237,50,225
frame=7,4,638,1,158,260,44,225
frame=7,5,171,263,176,253,52,208
frame=7,6,1385,1470,241,203,114,184
frame=7,7,883,1011,223,225,132,208
