# Repacked from Flare's fantasycore mod by scripts/repack-flare-art.mjs.
# Only the animations this renderer draws survive; see that script.

image=images/creatures/skeleton.png
scale=6.3079

[stance]
frames=4
duration=533ms
type=back_forth
frame=0,0,171,780,162,170,90,151
frame=0,1,189,217,267,183,102,161
frame=0,2,724,217,241,182,70,166
frame=0,3,1,1,141,215,51,161
frame=0,4,748,1,177,207,54,151
frame=0,5,227,601,273,176,145,143
frame=0,6,1,951,249,166,153,138
frame=0,7,334,780,125,170,71,143
frame=1,0,1,780,169,170,91,150
frame=1,1,457,217,266,182,101,160
frame=1,2,270,419,239,180,68,164
frame=1,3,143,1,141,215,51,160
frame=1,4,567,1,180,207,57,150
frame=1,5,501,601,275,174,147,141
frame=1,6,551,951,244,165,151,136
frame=1,7,905,780,123,168,68,141
frame=2,0,731,780,173,168,92,148
frame=2,1,1,419,268,181,100,158
frame=2,2,775,419,229,179,64,163
frame=2,3,424,1,142,213,52,158
frame=2,4,926,1,181,204,62,148
frame=2,5,777,601,273,171,148,138
frame=2,6,1,1118,240,162,148,133
frame=2,7,427,951,123,166,67,139
frame=3,0,251,951,175,166,93,146
frame=3,1,510,419,264,179,99,157
frame=3,2,1,601,225,178,62,162
frame=3,3,285,1,138,214,51,157
frame=3,4,1,217,187,201,64,146
frame=3,5,460,780,270,169,147,136
frame=3,6,242,1118,232,161,146,132
frame=3,7,796,951,122,163,67,136
