# Repacked from Flare's fantasycore mod by scripts/repack-flare-art.mjs.
# Only the animations this renderer draws survive; see that script.

image=images/creatures/skeleton_archer.png
scale=6.0642

[stance]
frames=4
duration=533ms
type=back_forth
frame=0,0,163,202,148,190,69,171
frame=0,1,1,1,201,200,80,178
frame=0,2,803,1,169,191,48,175
frame=0,3,765,202,147,189,51,164
frame=0,4,770,394,149,179,52,151
frame=0,5,150,583,204,176,98,143
frame=0,6,1,762,171,173,95,145
frame=0,7,173,762,125,173,67,157
frame=1,0,615,202,149,189,70,169
frame=1,1,203,1,201,198,79,176
frame=1,2,1,202,161,191,47,175
frame=1,3,312,202,147,190,51,163
frame=1,4,1,583,148,178,53,150
frame=1,5,509,583,202,174,98,141
frame=1,6,299,762,170,172,94,143
frame=1,7,673,762,125,171,67,155
frame=2,0,457,394,154,187,71,167
frame=2,1,405,1,196,198,79,175
frame=2,2,460,202,154,189,45,173
frame=2,3,160,394,148,188,52,161
frame=2,4,355,583,153,175,55,148
frame=2,5,470,762,202,171,99,138
frame=2,6,1,936,163,168,91,139
frame=2,7,326,936,123,166,67,152
frame=3,0,612,394,157,186,73,166
frame=3,1,602,1,200,196,78,174
frame=3,2,1,394,158,188,44,172
frame=3,3,309,394,147,188,51,160
frame=3,4,712,583,153,174,55,146
frame=3,5,799,762,201,169,99,136
frame=3,6,165,936,160,166,90,137
frame=3,7,450,936,123,165,67,150
