# Repacked from Flare's fantasycore mod by scripts/repack-flare-art.mjs.
# Only the animations this renderer draws survive; see that script.

image=images/creatures/skeleton_mage.png
scale=6.1999

[stance]
frames=4
duration=533ms
type=back_forth
frame=0,0,555,567,131,174,69,155
frame=0,1,604,1,197,188,80,166
frame=0,2,146,1,169,190,48,174
frame=0,3,1,1,144,192,51,166
frame=0,4,197,383,145,181,42,155
frame=0,5,343,383,202,180,96,147
frame=0,6,687,567,171,173,95,145
frame=0,7,163,918,121,163,67,147
frame=1,0,1,744,135,173,70,153
frame=1,1,143,194,195,186,79,164
frame=1,2,802,1,163,188,47,172
frame=1,3,316,1,144,189,51,164
frame=1,4,546,383,147,179,44,154
frame=1,5,694,383,200,178,96,145
frame=1,6,137,744,170,172,94,143
frame=1,7,285,918,122,161,67,145
frame=2,0,464,744,137,171,71,151
frame=2,1,497,194,199,185,79,162
frame=2,2,339,194,157,186,45,170
frame=2,3,461,1,142,189,52,162
frame=2,4,202,567,154,175,48,151
frame=2,5,1,567,200,176,97,143
frame=2,6,745,744,163,169,92,140
frame=2,7,408,918,123,157,67,143
frame=3,0,602,744,142,170,73,150
frame=3,1,1,383,195,183,78,161
frame=3,2,697,194,156,184,44,168
frame=3,3,1,194,141,188,51,161
frame=3,4,308,744,155,172,49,150
frame=3,5,357,567,197,174,97,141
frame=3,6,1,918,161,168,91,139
frame=3,7,532,918,122,157,67,142
