# Repacked from Flare's fantasycore mod by scripts/repack-flare-art.mjs.
# Only the animations this renderer draws survive; see that script.

image=images/creatures/skeleton_weak.png
scale=6.1353

[stance]
frames=4
duration=533ms
type=back_forth
frame=0,0,764,553,149,170,90,151
frame=0,1,524,1,217,183,95,161
frame=0,2,765,192,185,179,62,166
frame=0,3,263,1,129,188,46,161
frame=0,4,384,192,163,180,40,151
frame=0,5,526,374,224,176,101,143
frame=0,6,614,728,193,166,104,138
frame=0,7,1,728,116,170,67,143
frame=1,0,612,553,151,170,91,150
frame=1,1,742,1,215,182,94,160
frame=1,2,167,374,182,177,60,164
frame=1,3,393,1,130,187,47,160
frame=1,4,218,192,165,181,42,150
frame=1,5,1,553,222,174,102,141
frame=1,6,1,899,190,165,102,136
frame=1,7,496,728,117,167,67,141
frame=2,0,338,728,157,168,92,148
frame=2,1,1,192,216,181,93,158
frame=2,2,350,374,175,177,57,163
frame=2,3,1,1,131,190,48,158
frame=2,4,1,374,165,178,46,148
frame=2,5,392,553,219,171,102,138
frame=2,6,428,899,182,162,100,133
frame=2,7,192,899,117,165,67,138
frame=3,0,808,728,158,166,93,146
frame=3,1,548,192,216,179,92,157
frame=3,2,751,374,172,176,54,162
frame=3,3,133,1,129,189,47,157
frame=3,4,224,553,167,174,48,146
frame=3,5,118,728,219,169,103,136
frame=3,6,611,899,177,161,98,132
frame=3,7,310,899,117,163,67,136
