# Repacked from Flare's fantasycore mod by scripts/repack-flare-art.mjs.
# Only the animations this renderer draws survive; see that script.

image=images/creatures/wyvern.png
scale=5.4633

[stance]
frames=8
duration=800ms
type=looped
frame=0,0,496,1324,129,209,36,181
frame=0,1,378,1536,197,202,67,183
frame=0,2,345,1743,241,190,102,183
frame=0,3,576,1536,197,202,89,183
frame=0,4,1217,1324,149,208,60,181
frame=0,5,587,1743,199,190,89,178
frame=0,6,242,1935,241,171,102,174
frame=0,7,787,1743,199,190,67,178
frame=1,0,1536,313,157,263,50,236
frame=1,1,320,601,296,245,127,224
frame=1,2,774,1536,320,199,130,192
frame=1,3,912,601,299,244,115,224
frame=1,4,1368,313,167,263,63,236
frame=1,5,1212,601,296,244,115,218
frame=1,6,987,1743,322,189,131,192
frame=1,7,617,601,294,245,127,219
frame=2,0,1210,1,163,290,43,288
frame=2,1,940,1,269,292,99,288
frame=2,2,199,313,300,270,110,262
frame=2,3,340,1,285,294,102,288
frame=2,4,1,313,197,287,68,288
frame=2,5,772,313,280,266,102,271
frame=2,6,922,862,299,231,110,235
frame=2,7,500,313,271,269,99,271
frame=3,0,182,1,157,306,44,278
frame=3,1,1374,1,320,289,135,272
frame=3,2,580,862,341,235,149,228
frame=3,3,626,1,313,292,121,274
frame=3,4,1,1,180,311,64,280
frame=3,5,1053,313,314,263,122,246
frame=3,6,1,1743,343,191,151,198
frame=3,7,1,601,318,260,137,244
frame=4,0,1509,601,166,241,60,191
frame=4,1,1222,862,292,226,148,194
frame=4,2,1095,1536,338,198,151,195
frame=4,3,1515,862,286,225,107,194
frame=4,4,1676,601,160,241,60,191
frame=4,5,1,862,286,237,107,186
frame=4,6,1310,1743,328,187,151,182
frame=4,7,288,862,291,236,148,186
frame=5,0,908,1324,154,208,59,196
frame=5,1,1063,1324,153,208,70,200
frame=5,2,626,1324,123,209,39,201
frame=5,3,1367,1324,149,208,57,200
frame=5,4,750,1324,157,208,55,196
frame=5,5,671,1100,147,218,57,191
frame=5,6,218,1324,125,210,40,187
frame=5,7,362,1100,155,220,69,191
frame=6,0,1474,1100,160,213,68,192
frame=6,1,949,1100,188,214,89,196
frame=6,2,218,1536,159,204,63,197
frame=6,3,1138,1100,173,214,72,196
frame=6,4,1312,1100,161,214,61,192
frame=6,5,193,1100,168,221,71,187
frame=6,6,344,1324,151,209,62,184
frame=6,7,1,1100,191,223,89,188
frame=7,0,819,1100,129,218,37,185
frame=7,1,1,1324,216,211,84,187
frame=7,2,1434,1536,241,193,104,188
frame=7,3,1635,1100,209,212,93,187
frame=7,4,518,1100,152,218,58,185
frame=7,5,1517,1324,207,207,93,181
frame=7,6,1,1935,240,178,104,177
frame=7,7,1,1536,216,206,84,181
