# Repacked from Flare's fantasycore mod by scripts/repack-flare-art.mjs.
# Only the animations this renderer draws survive; see that script.

image=images/creatures/wyvern_fire.png
scale=5.4633

[stance]
frames=8
duration=800ms
type=looped
frame=0,0,496,1323,129,209,36,181
frame=0,1,378,1535,197,202,67,183
frame=0,2,345,1742,241,190,102,183
frame=0,3,576,1535,197,202,89,183
frame=0,4,1218,1323,149,208,60,181
frame=0,5,587,1742,199,190,89,178
frame=0,6,242,1934,241,171,102,174
frame=0,7,787,1742,199,190,67,178
frame=1,0,1534,313,157,263,50,236
frame=1,1,320,600,296,245,127,224
frame=1,2,774,1535,320,199,130,192
frame=1,3,912,600,298,244,114,224
frame=1,4,1366,313,167,263,63,236
frame=1,5,1211,600,296,244,115,218
frame=1,6,987,1742,322,189,131,192
frame=1,7,617,600,294,245,127,219
frame=2,0,1209,1,164,290,44,288
frame=2,1,939,1,269,292,99,288
frame=2,2,198,313,300,270,110,262
frame=2,3,339,1,285,294,102,288
frame=2,4,1,313,196,286,67,288
frame=2,5,771,313,280,266,102,271
frame=2,6,922,861,298,231,110,235
frame=2,7,499,313,271,269,99,271
frame=3,0,181,1,157,306,44,278
frame=3,1,1374,1,318,289,135,272
frame=3,2,579,861,342,235,150,228
frame=3,3,625,1,313,292,121,274
frame=3,4,1,1,179,311,64,280
frame=3,5,1052,313,313,263,121,246
frame=3,6,1,1742,343,191,151,198
frame=3,7,1,600,318,260,137,244
frame=4,0,1508,600,166,241,60,191
frame=4,1,1221,861,292,226,148,194
frame=4,2,1095,1535,338,198,151,195
frame=4,3,1514,861,286,225,107,194
frame=4,4,1675,600,160,241,60,191
frame=4,5,1,861,286,237,107,186
frame=4,6,1310,1742,328,187,151,182
frame=4,7,288,861,290,236,148,186
frame=5,0,908,1323,155,208,60,196
frame=5,1,1064,1323,153,208,70,200
frame=5,2,626,1323,123,209,39,201
frame=5,3,1368,1323,149,208,57,200
frame=5,4,750,1323,157,208,55,196
frame=5,5,671,1099,147,218,57,191
frame=5,6,218,1323,125,210,40,187
frame=5,7,362,1099,155,220,69,191
frame=6,0,1474,1099,160,213,68,192
frame=6,1,949,1099,188,214,89,196
frame=6,2,218,1535,159,206,63,197
frame=6,3,1138,1099,173,214,72,196
frame=6,4,1312,1099,161,214,61,192
frame=6,5,193,1099,168,221,71,187
frame=6,6,344,1323,151,209,62,184
frame=6,7,1,1099,191,223,89,188
frame=7,0,819,1099,129,218,37,185
frame=7,1,1,1323,216,211,84,187
frame=7,2,1434,1535,241,193,104,188
frame=7,3,1635,1099,209,212,93,187
frame=7,4,518,1099,152,218,58,185
frame=7,5,1518,1323,207,207,93,181
frame=7,6,1,1934,240,178,104,177
frame=7,7,1,1535,216,206,84,181
