# Repacked from Flare's empyrean_campaign mod by scripts/repack-flare-art.mjs.
# Only the animations this renderer draws survive; see that script.

image=images/creatures/wyvern_adult.png
scale=4.3319

[stance]
frames=8
duration=800ms
type=looped
frame=0,0,1,1,494,494,247,371
frame=0,1,496,1,494,494,247,371
frame=0,2,991,1,494,494,247,371
frame=0,3,1486,1,494,494,247,371
frame=0,4,1981,1,494,494,247,371
frame=0,5,2476,1,494,494,247,371
frame=0,6,2971,1,494,494,247,371
frame=0,7,3466,1,494,494,247,371
frame=1,0,1,496,494,494,247,371
frame=1,1,496,496,494,494,247,371
frame=1,2,991,496,494,494,247,371
frame=1,3,1486,496,494,494,247,371
frame=1,4,1981,496,494,494,247,371
frame=1,5,2476,496,494,494,247,371
frame=1,6,2971,496,494,494,247,371
frame=1,7,3466,496,494,494,247,371
frame=2,0,1,991,494,494,247,371
frame=2,1,496,991,494,494,247,371
frame=2,2,991,991,494,494,247,371
frame=2,3,1486,991,494,494,247,371
frame=2,4,1981,991,494,494,247,371
frame=2,5,2476,991,494,494,247,371
frame=2,6,2971,991,494,494,247,371
frame=2,7,3466,991,494,494,247,371
frame=3,0,1,1486,494,494,247,371
frame=3,1,496,1486,494,494,247,371
frame=3,2,991,1486,494,494,247,371
frame=3,3,1486,1486,494,494,247,371
frame=3,4,1981,1486,494,494,247,371
frame=3,5,2476,1486,494,494,247,371
frame=3,6,2971,1486,494,494,247,371
frame=3,7,3466,1486,494,494,247,371
frame=4,0,1,1981,494,494,247,371
frame=4,1,496,1981,494,494,247,371
frame=4,2,991,1981,494,494,247,371
frame=4,3,1486,1981,494,494,247,371
frame=4,4,1981,1981,494,494,247,371
frame=4,5,2476,1981,494,494,247,371
frame=4,6,2971,1981,494,494,247,371
frame=4,7,3466,1981,494,494,247,371
frame=5,0,1,2476,494,494,247,371
frame=5,1,496,2476,494,494,247,371
frame=5,2,991,2476,494,494,247,371
frame=5,3,1486,2476,494,494,247,371
frame=5,4,1981,2476,494,494,247,371
frame=5,5,2476,2476,494,494,247,371
frame=5,6,2971,2476,494,494,247,371
frame=5,7,3466,2476,494,494,247,371
frame=6,0,1,2971,494,494,247,371
frame=6,1,496,2971,494,494,247,371
frame=6,2,991,2971,494,494,247,371
frame=6,3,1486,2971,494,494,247,371
frame=6,4,1981,2971,494,494,247,371
frame=6,5,2476,2971,494,494,247,371
frame=6,6,2971,2971,494,494,247,371
frame=6,7,3466,2971,494,494,247,371
frame=7,0,1,3466,494,494,247,371
frame=7,1,496,3466,494,494,247,371
frame=7,2,991,3466,494,494,247,371
frame=7,3,1486,3466,494,494,247,371
frame=7,4,1981,3466,494,494,247,371
frame=7,5,2476,3466,494,494,247,371
frame=7,6,2971,3466,494,494,247,371
frame=7,7,3466,3466,494,494,247,371
