# Repacked from Flare's fantasycore mod by scripts/repack-flare-art.mjs.
# Only the animations this renderer draws survive; see that script.

image=images/creatures/zombie.png
scale=5.9556

[stance]
frames=4
duration=533ms
type=back_forth
frame=0,0,241,1,77,166,32,149
frame=0,1,370,169,96,161,43,152
frame=0,2,564,169,94,161,33,151
frame=0,3,272,333,87,159,22,147
frame=0,4,538,333,88,156,22,142
frame=0,5,544,495,81,149,25,139
frame=0,6,448,333,89,156,28,140
frame=0,7,1,1,79,167,27,145
frame=1,0,319,1,77,166,32,149
frame=1,1,467,169,96,161,43,152
frame=1,2,1,333,94,161,33,151
frame=1,3,183,333,88,159,22,147
frame=1,4,1,495,88,156,22,142
frame=1,5,1,652,81,149,25,139
frame=1,6,185,495,89,155,28,139
frame=1,7,81,1,79,167,27,145
frame=2,0,397,1,76,166,32,149
frame=2,1,81,169,96,162,43,153
frame=2,2,275,169,94,162,33,152
frame=2,3,360,333,87,159,21,147
frame=2,4,275,495,88,155,22,141
frame=2,5,83,652,82,148,25,138
frame=2,6,364,495,89,154,28,138
frame=2,7,161,1,79,166,27,144
frame=3,0,474,1,76,166,32,149
frame=3,1,178,169,96,162,43,153
frame=3,2,551,1,94,164,33,153
frame=3,3,96,333,86,160,19,148
frame=3,4,90,495,94,155,22,141
frame=3,5,166,652,83,146,25,136
frame=3,6,454,495,89,152,28,136
frame=3,7,1,169,79,163,29,142
